TM = 1
Rcr = 5.2000e-01
Rca = 3.5000e-01
EtaR = [1.6000000e+01]
ShfR = [9.0000000e-02,1.1687500e-01,1.4375000e-01,1.7062500e-01,1.9750000e-01,2.2437500e-01,2.5125000e-01,2.7812500e-01,3.0500000e-01,3.3187500e-01,3.5875000e-01,3.8562500e-01,4.1250000e-01,4.3937500e-01,4.6625000e-01,4.9312500e-01]
Zeta = [3.2000000e+01]
ShfZ = [1.9634954e-01,5.8904862e-01,9.8174770e-01,1.3744468e+00,1.7671459e+00,2.1598449e+00,2.5525440e+00,2.9452431e+00]
EtaA = [8.0000000e+00]
ShfA = [9.0000000e-02,1.5500000e-01,2.2000000e-01,2.8500000e-01]
Atyp = [H,C,N,O]