TM = 1
Rcr = 1.0000e+00
Rca = 5.0000e-01
EtaR = [1.6000000e+03]
ShfR = [9.0000000e-02,1.1687500e-01,1.4375000e-01,1.7062500e-01,1.9750000e-01,2.2437500e-01,2.5125000e-01,2.7812500e-01,3.0500000e-01,3.3187500e-01,3.5875000e-01,3.8562500e-01,4.1250000e-01,4.3937500e-01,4.6625000e-01,4.9312500e-01,5.200000E-01,5.468750E-01,0.57375,0.600625,0.6275,0.654375,0.68125,0.708125]
Zeta = [3.2000000e+01]
ShfZ = [0.19634954,0.39269908,0.58904862,0.78539816,0.9817477,1.17809724,1.37444678,1.57079632,1.76714586,1.9634954,2.15984494,2.35619448,2.55254402,2.74889356,2.9452431,3.14159264]
EtaA = [8.0000000e+02]
ShfA = [9.0000000e-02,1.5500000e-01,2.2000000e-01,2.8500000e-01,0.35,0.415,0.48,0.545]
Atyp = [C]